1    1    43   70   10  
1    2    46   50   5   
1    3    49   40   2   
1    4    49   25   0   
1    5    49   20   0   
2    1    50   20   5   
2    2    49   20   0   
2    3    50   20   2   
2    4    47   25   10  
2    5    50   20   0   
3    1    50   35   2   
3    2    48   35   2   
3    3    50   35   2   
3    4    50   30   2   
3    5    50   30   2   
4    1    50   20   0   
4    2    48   10   0   
4    3    50   10   0   
4    4    50   20   0   
4    5    50   10   0   
